4·4 ΕΧΑΜῙΞΝ

44444444444444444444444· 4444444444 444444444444 44444444 44444 ¹
4 44444· 555555 4444444 4444444444 555555555555555 4 444444
4444444444 44 4444444 44444 5553Q 44 555 ,44444444444444443444-
44 44444444, 4,·,444 44)· 444444 555 5 5555 4444444444 5555: 5. 5555
4444444444, 44444 5555 4444444444 444444444444444444
5555555555555555555 5,oe 555555 505555555555555555 4444 ,
BQWHMBQQ 55555555-555 4 ,4 5Q.5 555 44 ,4 555555555 4444444444
04444444 5055555505 44444444 44 5550. 5555 5555 5055. 4444444444
5555555 5555055555555 ,5555555 5555555555'55555 4444444444
4,.444 444444 555555555555555555 5555555555555.55.55555555555
444 5555 444444 4444444· 4444 :5555 5555, 55 ...5 555555555055
44444444εὲ444 44444 55 555 555⁴ 4444444444 55555555555555055
4444444444, 4444444444 555555555 55550555 ,4444444444444444 ·
44443444444444 555 444 444 4, ..0550 5555 4 5555 5555 55555
4444444, 5555555555 555 444 44444444 44 44444444 55555555:
4444444444 55555555555 4444 44444444444444444 4444444444
4444444444 4444444444 555555555555 55555555555555555 ,44
4444 4 4 p55g555555t5 G555555551550555355551055555055-

4444444444 44444444, 444444444444444 44444444 55555555555555555:
5555155515555QG555555555555505555 444444444444444

44444444444444444 4444444· 55555 44· ,,, ·4444 44444444 4444444, 44444,
4444 5555 ‚55p5555555555255l 5555555555555 44444 ,44444444444444444
44444 4444444444,4 550555555555 44444.,4444 555 444444444444444,
‹155055555 G-555555'5 5555555 555555555555'5 444444 5550555555555.
5555. 55555535555 444,4·44 &p 55 (4444444444 444444444444444444
44444 4444444444 555555555555551555555cI 555 G555555555'5 p5555555555.
4444 N5555555555555 5555555555555555, 5555 5,55555 4444444444
5555555'Qpp555555, 5555> 555555 444444 555 44444444 5555 444444 555 4444
5555... ..55 555555555555555555555'55 44444 4 44444
44444444

 

