HERBARVM. 44

4444444444 4444444444 444, 44 44444 4444444444 4·
44444444 44444444 44 0444444444 4444444 44444444 644444 car ’ ,
44444 4444444444 4444 4 44 44 4 4444 64444444 444 44 4444
tex 44444 44444444, que 5555055551550 444444 4444 444 x
4444 844444 4444 4444 4 4444444 qut 4444444444 4444444444 ” ’
4444 44 44444 4444 44 4444, 4444 44 4444444444444
444444 44444444 44644444 4444 44444444 444444 44444444 444
444444 4444444444 4464444444, 444 444444444444444444 ·
44444444, 44 erigeronfflrixagimsffi 444444 ,44444444
444444 4444444 4444444444 ,44444444 ’44444444 4444444. 4444444444 ’
444 44 444 44444 [4444444444 44 4444444444 44444444 Ego 44444,
44444 44444 44444 4444444444 . 44444444444444 444444
44444 4444444444· 4 44 44444444 444 4444444 44444 4, 44444444 (4· fi
444444444444444444444444444444444444444444 ’έ“’ῖέ-444
(4444444444 5 4444444444, [444444444444444444 4444
’,44444 4444 44444444 44444 444444444444444, 44444444Τ444444* ’
44444 4 ,4444444444 4444 4444 444444444444 44444444
4444 4 4444 44 4444 4444444444 4444444444
44444 4 , ,4 444 ,444444 4444444444 444 444 uero 44444444
444, 4 44444· 44444. Sicolumessamconsd 5555555055555‘2
444444, 4 ,44444 444 4444444444· 4444444444444 4,44444444444 4444 44444444
4444444 44444- 444444444, No 4444444444 44444, 4444444444
444,44 44444”Ἰ 4444444444 4444444 4444444 444444 4444444444
44444 44444, 4444444444 4444444 4444444444444 444444444444444
4444444 4444444444 4444444 44444 44 Ι4 44444444· 444 4444 panc
4444444444, 4444444444 44444444, 444444 44444444444444. -
44444444 44 4444444444 (4444444444 44444444 444 5555: ,
4444444444 44444444 444 444444444444444444 ad omnia medi: ··
’ 44444444444444444484444444444444444444,4444444444·

 

